67
69
70
71
74
75
76
109
142
150
153
157
158
160
161
163
164
166
167
168
169
170
171
172
173
175
178
179
180
252
260
261
309
310
315
318
320
321
322
323
324
325
361
365
366
369
370
371
372
373
380
385
386
387
388
401
402
403
404
405
406
407
408
409
410
411
412
413
420
421
422
423
424
425
426
427
428
429
430
436
437
438
439
440
441
442
444
445
449
450
484
490
492
507
508
525
526
535
536
564
566
568
569
570
571
572
573
574
575
576
577
581
582
626
692
732
780
782
810
829
837
842
843
846
848
854
857
858
863
872
881
895
896
971
972
983
984
1011
1019
1023
1024
1025
1026
1027
1028
1029
1030
1031
1032
1033
1034
1076
1079
1081
1176
1179
1447
1449
1450
1451
1465
1467
1469
113ÿ ¿
13ÿ ¿
25ÿ ¿
29ÿ ¿
362ÿ ¿
367“¿–
41ÿ ¿
43ÿ ¿
44ÿ ¿
484Ò1
491ÿ ¿
493ÿ ¿
51ÿ ¿
53ÿ ¿
7ÿ ¿
842Ò1
97ÿ ¿
98ÿ ¿
99ÿ ¿
9ÿ ¿
