WELLTRACK '1506GS'
 7237.951           28228.281          1754.90325         0                 
 7287.0365          28228.281          1754.793125        49.0856235344     
 7287.0365          28276.681          1756.228375        97.5068992566     
 7336.122           28276.681          1755.88475         146.593602022     
 7385.2075          28276.681          1755.600625        195.679924325     
 7434.2925          28276.681          1755.332           244.765659365     
 7434.2925          28325.081          1756.081125        293.171456417     
 7483.378           28325.081          1756.365375        342.257779444     


WELLTRACK '1510GS'
 7728.8045          28131.481          1753.595875        0                 
 7777.89            28131.481          1756.58725         49.1765659094     
 7826.9755          28131.481          1758.466375        98.2980217206     
 7876.061           28131.481          1759.2345          147.389531437     
 7925.1465          28131.481          1759.766625        196.477915677     
 7974.2315          28131.481          1760.483875        245.568155772     
 8023.317           28131.481          1760.5855          294.653760972     


WELLTRACK '1507GS'			
7728.8045	27744.281	1751.000375	0
7728.8045	27695.881	1751.4	48.41979802
7679.7195	27695.881	1751.4	97.52000376
7679.7195	27647.481	1751.2	145.9200919
7679.7195	27599.081	1750.9	194.3205015
7679.7195	27550.681	1750.9	242.7214807
7630.634	27550.681	1750.8	291.8178834

WELLTRACK '1506GSv2'
 7237.951           28228.281          1752.44275         0                 
 7287.0365          28228.281          1753.723375        49.1022027066     
 7483.378           28325.081          1754.365375        268.010029854     

